Meeting_03/Feodosiya_sm.grd
DSAA
384 	240
 35.061  35.859
 44.672  45.170
  8.006945e-01   9.021778e+02
[rows 46 to 68 of 240, columns 52 to 103 of 384]
5.891111e+01 5.973333e+01 6.046667e+01 6.106667e+01 6.148889e+01 6.177778e+01 6.195556e+01 6.208889e+01 6.217778e+01 6.220000e+01 6.215556e+01 6.202222e+01 6.182222e+01 6.157778e+01 6.131111e+01 6.113333e+01 6.102222e+01 6.100000e+01 6.100000e+01 6.097778e+01 6.091111e+01 6.084444e+01 6.086667e+01 6.111111e+01 6.157778e+01 6.228889e+01 6.311111e+01 6.404444e+01 6.497778e+01 6.597778e+01 6.697778e+01 6.795556e+01 6.886667e+01 6.968889e+01 7.042222e+01 7.091111e+01 7.117778e+01 7.122222e+01 7.115556e+01 7.102222e+01 7.082222e+01 7.060000e+01 7.031111e+01 6.995556e+01 6.948889e+01 6.893333e+01 6.842222e+01 6.806667e+01 6.793333e+01 6.793333e+01 6.795556e+01 6.788889e+01
5.786667e+01 5.866667e+01 5.937778e+01 5.993333e+01 6.028889e+01 6.051111e+01 6.064444e+01 6.073333e+01 6.082222e+01 6.086667e+01 6.088889e+01 6.080000e+01 6.066667e+01 6.046667e+01 6.028889e+01 6.017778e+01 6.013333e+01 6.015556e+01 6.017778e+01 6.022222e+01 6.022222e+01 6.022222e+01 6.028889e+01 6.057778e+01 6.111111e+01 6.186667e+01 6.271111e+01 6.362222e+01 6.451111e+01 6.544444e+01 6.637778e+01 6.726667e+01 6.806667e+01 6.875556e+01 6.937778e+01 6.984444e+01 7.017778e+01 7.037778e+01 7.046667e+01 7.046667e+01 7.033333e+01 7.013333e+01 6.984444e+01 6.951111e+01 6.908889e+01 6.860000e+01 6.813333e+01 6.780000e+01 6.768889e+01 6.771111e+01 6.777778e+01 6.773333e+01
5.706667e+01 5.786667e+01 5.857778e+01 5.911111e+01 5.942222e+01 5.957778e+01 5.964444e+01 5.968889e+01 5.973333e+01 5.977778e+01 5.980000e+01 5.975556e+01 5.968889e+01 5.957778e+01 5.946667e+01 5.937778e+01 5.933333e+01 5.935556e+01 5.940000e+01 5.946667e+01 5.953333e+01 5.960000e+01 5.973333e+01 6.006667e+01 6.062222e+01 6.140000e+01 6.224444e+01 6.313333e+01 6.397778e+01 6.484444e+01 6.571111e+01 6.653333e+01 6.724444e+01 6.784444e+01 6.837778e+01 6.884444e+01 6.924444e+01 6.957778e+01 6.980000e+01 6.991111e+01 6.984444e+01 6.964444e+01 6.933333e+01 6.900000e+01 6.862222e+01 6.820000e+01 6.780000e+01 6.753333e+01 6.744444e+01 6.746667e+01 6.751111e+01 6.746667e+01
5.640000e+01 5.720000e+01 5.793333e+01 5.846667e+01 5.875556e+01 5.882222e+01 5.882222e+01 5.880000e+01 5.882222e+01 5.884444e+01 5.886667e+01 5.884444e+01 5.882222e+01 5.877778e+01 5.873333e+01 5.868889e+01 5.866667e+01 5.866667e+01 5.868889e+01 5.875556e+01 5.886667e+01 5.900000e+01 5.920000e+01 5.957778e+01 6.015556e+01 6.091111e+01 6.173333e+01 6.257778e+01 6.340000e+01 6.422222e+01 6.502222e+01 6.575556e+01 6.637778e+01 6.693333e+01 6.742222e+01 6.791111e+01 6.837778e+01 6.884444e+01 6.920000e+01 6.940000e+01 6.935556e+01 6.915556e+01 6.882222e+01 6.851111e+01 6.815556e+01 6.782222e+01 6.748889e+01 6.728889e+01 6.720000e+01 6.722222e+01 6.724444e+01 6.720000e+01
5.580000e+01 5.657778e+01 5.728889e+01 5.780000e+01 5.806667e+01 5.811111e+01 5.808889e+01 5.806667e+01 5.804444e+01 5.802222e+01 5.800000e+01 5.800000e+01 5.800000e+01 5.800000e+01 5.797778e+01 5.795556e+01 5.793333e+01 5.793333e+01 5.795556e+01 5.802222e+01 5.815556e+01 5.835556e+01 5.862222e+01 5.904444e+01 5.962222e+01 6.037778e+01 6.115556e+01 6.195556e+01 6.273333e+01 6.353333e+01 6.428889e+01 6.497778e+01 6.557778e+01 6.611111e+01 6.660000e+01 6.711111e+01 6.764444e+01 6.820000e+01 6.862222e+01 6.886667e+01 6.884444e+01 6.866667e+01 6.835556e+01 6.806667e+01 6.775556e+01 6.748889e+01 6.724444e+01 6.708889e+01 6.702222e+01 6.700000e+01 6.700000e+01 6.693333e+01
5.517778e+01 5.593333e+01 5.660000e+01 5.711111e+01 5.737778e+01 5.744444e+01 5.742222e+01 5.740000e+01 5.735556e+01 5.728889e+01 5.722222e+01 5.720000e+01 5.720000e+01 5.720000e+01 5.720000e+01 5.720000e+01 5.720000e+01 5.720000e+01 5.720000e+01 5.726667e+01 5.742222e+01 5.771111e+01 5.806667e+01 5.853333e+01 5.911111e+01 5.980000e+01 6.051111e+01 6.124444e+01 6.200000e+01 6.277778e+01 6.351111e+01 6.417778e+01 6.477778e+01 6.533333e+01 6.586667e+01 6.642222e+01 6.700000e+01 6.760000e+01 6.806667e+01 6.835556e+01 6.835556e+01 6.822222e+01 6.795556e+01 6.771111e+01 6.746667e+01 6.726667e+01 6.711111e+01 6.697778e+01 6.691111e+01 6.684444e+01 6.680000e+01 6.668889e+01
5.457778e+01 5.526667e+01 5.586667e+01 5.635556e+01 5.664444e+01 5.680000e+01 5.684444e+01 5.686667e+01 5.680000e+01 5.666667e+01 5.651111e+01 5.642222e+01 5.640000e+01 5.640000e+01 5.640000e+01 5.640000e+01 5.640000e+01 5.640000e+01 5.640000e+01 5.648889e+01 5.668889e+01 5.706667e+01 5.748889e+01 5.800000e+01 5.853333e+01 5.915556e+01 5.977778e+01 6.046667e+01 6.117778e+01 6.193333e+01 6.266667e+01 6.337778e+01 6.404444e+01 6.466667e+01 6.526667e+01 6.586667e+01 6.646667e+01 6.704444e+01 6.751111e+01 6.780000e+01 6.786667e+01 6.777778e+01 6.760000e+01 6.742222e+01 6.728889e+01 6.717778e+01 6.708889e+01 6.697778e+01 6.688889e+01 6.675556e+01 6.662222e+01 6.644444e+01
5.402222e+01 5.464444e+01 5.517778e+01 5.566667e+01 5.597778e+01 5.622222e+01 5.633333e+01 5.637778e+01 5.628889e+01 5.608889e+01 5.586667e+01 5.571111e+01 5.566667e+01 5.566667e+01 5.566667e+01 5.566667e+01 5.564444e+01 5.562222e+01 5.562222e+01 5.575556e+01 5.602222e+01 5.646667e+01 5.695556e+01 5.748889e+01 5.800000e+01 5.853333e+01 5.908889e+01 5.971111e+01 6.040000e+01 6.113333e+01 6.188889e+01 6.264444e+01 6.337778e+01 6.408889e+01 6.475556e+01 6.540000e+01 6.600000e+01 6.655556e+01 6.702222e+01 6.733333e+01 6.746667e+01 6.742222e+01 6.731111e+01 6.720000e+01 6.715556e+01 6.711111e+01 6.706667e+01 6.697778e+01 6.686667e+01 6.666667e+01 6.644444e+01 6.620000e+01
5.355556e+01 5.408889e+01 5.455556e+01 5.500000e+01 5.535556e+01 5.566667e+01 5.584444e+01 5.591111e+01 5.580000e+01 5.555556e+01 5.526667e+01 5.506667e+01 5.500000e+01 5.500000e+01 5.500000e+01 5.500000e+01 5.495556e+01 5.491111e+01 5.491111e+01 5.508889e+01 5.542222e+01 5.591111e+01 5.642222e+01 5.695556e+01 5.746667e+01 5.797778e+01 5.851111e+01 5.911111e+01 5.977778e+01 6.051111e+01 6.126667e+01 6.206667e+01 6.284444e+01 6.362222e+01 6.435556e+01 6.504444e+01 6.566667e+01 6.622222e+01 6.671111e+01 6.702222e+01 6.717778e+01 6.715556e+01 6.711111e+01 6.706667e+01 6.706667e+01 6.706667e+01 6.702222e+01 6.693333e+01 6.677778e+01 6.653333e+01 6.626667e+01 6.600000e+01
5.315556e+01 5.362222e+01 5.402222e+01 5.442222e+01 5.477778e+01 5.511111e+01 5.533333e+01 5.540000e+01 5.526667e+01 5.500000e+01 5.468889e+01 5.448889e+01 5.440000e+01 5.442222e+01 5.444444e+01 5.444444e+01 5.437778e+01 5.431111e+01 5.431111e+01 5.448889e+01 5.484444e+01 5.535556e+01 5.591111e+01 5.646667e+01 5.702222e+01 5.755556e+01 5.811111e+01 5.871111e+01 5.937778e+01 6.011111e+01 6.086667e+01 6.166667e+01 6.246667e+01 6.326667e+01 6.402222e+01 6.473333e+01 6.540000e+01 6.602222e+01 6.655556e+01 6.691111e+01 6.708889e+01 6.711111e+01 6.706667e+01 6.702222e+01 6.700000e+01 6.697778e+01 6.691111e+01 6.677778e+01 6.657778e+01 6.631111e+01 6.602222e+01 6.577778e+01
5.282222e+01 5.322222e+01 5.355556e+01 5.391111e+01 5.424444e+01 5.457778e+01 5.480000e+01 5.486667e+01 5.473333e+01 5.446667e+01 5.415556e+01 5.395556e+01 5.386667e+01 5.388889e+01 5.391111e+01 5.391111e+01 5.386667e+01 5.380000e+01 5.380000e+01 5.395556e+01 5.431111e+01 5.482222e+01 5.537778e+01 5.597778e+01 5.657778e+01 5.720000e+01 5.780000e+01 5.846667e+01 5.915556e+01 5.991111e+01 6.064444e+01 6.142222e+01 6.220000e+01 6.300000e+01 6.375556e+01 6.448889e+01 6.520000e+01 6.591111e+01 6.651111e+01 6.693333e+01 6.713333e+01 6.717778e+01 6.713333e+01 6.706667e+01 6.700000e+01 6.691111e+01 6.677778e+01 6.657778e+01 6.633333e+01 6.604444e+01 6.575556e+01 6.553333e+01
5.255556e+01 5.288889e+01 5.315556e+01 5.344444e+01 5.373333e+01 5.404444e+01 5.428889e+01 5.435556e+01 5.424444e+01 5.397778e+01 5.368889e+01 5.348889e+01 5.340000e+01 5.342222e+01 5.344444e+01 5.344444e+01 5.340000e+01 5.333333e+01 5.333333e+01 5.348889e+01 5.382222e+01 5.431111e+01 5.486667e+01 5.548889e+01 5.613333e+01 5.682222e+01 5.751111e+01 5.824444e+01 5.895556e+01 5.971111e+01 6.044444e+01 6.122222e+01 6.197778e+01 6.275556e+01 6.348889e+01 6.424444e+01 6.500000e+01 6.577778e+01 6.644444e+01 6.693333e+01 6.717778e+01 6.724444e+01 6.717778e+01 6.706667e+01 6.693333e+01 6.675556e+01 6.655556e+01 6.631111e+01 6.604444e+01 6.575556e+01 6.546667e+01 6.528889e+01
5.228889e+01 5.255556e+01 5.277778e+01 5.304444e+01 5.331111e+01 5.362222e+01 5.384444e+01 5.393333e+01 5.382222e+01 5.357778e+01 5.328889e+01 5.308889e+01 5.297778e+01 5.295556e+01 5.293333e+01 5.293333e+01 5.291111e+01 5.288889e+01 5.293333e+01 5.311111e+01 5.342222e+01 5.386667e+01 5.437778e+01 5.500000e+01 5.566667e+01 5.642222e+01 5.717778e+01 5.793333e+01 5.866667e+01 5.942222e+01 6.017778e+01 6.093333e+01 6.166667e+01 6.242222e+01 6.317778e+01 6.395556e+01 6.475556e+01 6.557778e+01 6.628889e+01 6.682222e+01 6.708889e+01 6.715556e+01 6.706667e+01 6.691111e+01 6.673333e+01 6.648889e+01 6.624444e+01 6.597778e+01 6.571111e+01 6.544444e+01 6.520000e+01 6.506667e+01
5.202222e+01 5.226667e+01 5.246667e+01 5.268889e+01 5.295556e+01 5.326667e+01 5.351111e+01 5.362222e+01 5.351111e+01 5.326667e+01 5.295556e+01 5.273333e+01 5.257778e+01 5.251111e+01 5.244444e+01 5.244444e+01 5.242222e+01 5.246667e+01 5.255556e+01 5.277778e+01 5.308889e+01 5.348889e+01 5.395556e+01 5.451111e+01 5.517778e+01 5.593333e+01 5.673333e+01 5.751111e+01 5.824444e+01 5.897778e+01 5.973333e+01 6.051111e+01 6.126667e+01 6.200000e+01 6.275556e+01 6.355556e+01 6.440000e+01 6.524444e+01 6.597778e+01 6.651111e+01 6.677778e+01 6.684444e+01 6.675556e+01 6.660000e+01 6.637778e+01 6.611111e+01 6.582222e+01 6.555556e+01 6.531111e+01 6.511111e+01 6.493333e+01 6.484444e+01
5.173333e+01 5.197778e+01 5.220000e+01 5.242222e+01 5.268889e+01 5.302222e+01 5.326667e+01 5.340000e+01 5.326667e+01 5.302222e+01 5.268889e+01 5.242222e+01 5.220000e+01 5.204444e+01 5.193333e+01 5.191111e+01 5.195556e+01 5.208889e+01 5.226667e+01 5.251111e+01 5.280000e+01 5.313333e+01 5.351111e+01 5.402222e+01 5.466667e+01 5.542222e+01 5.620000e+01 5.697778e+01 5.773333e+01 5.846667e+01 5.922222e+01 5.997778e+01 6.075556e+01 6.151111e+01 6.228889e+01 6.308889e+01 6.395556e+01 6.482222e+01 6.555556e+01 6.608889e+01 6.635556e+01 6.642222e+01 6.631111e+01 6.613333e+01 6.588889e+01 6.562222e+01 6.533333e+01 6.508889e+01 6.488889e+01 6.475556e+01 6.466667e+01 6.462222e+01
5.151111e+01 5.177778e+01 5.200000e+01 5.220000e+01 5.246667e+01 5.277778e+01 5.304444e+01 5.315556e+01 5.304444e+01 5.277778e+01 5.246667e+01 5.217778e+01 5.193333e+01 5.171111e+01 5.153333e+01 5.148889e+01 5.155556e+01 5.175556e+01 5.197778e+01 5.224444e+01 5.251111e+01 5.277778e+01 5.308889e+01 5.353333e+01 5.415556e+01 5.488889e+01 5.566667e+01 5.646667e+01 5.722222e+01 5.795556e+01 5.868889e+01 5.946667e+01 6.024444e+01 6.100000e+01 6.175556e+01 6.255556e+01 6.340000e+01 6.424444e+01 6.497778e+01 6.551111e+01 6.577778e+01 6.584444e+01 6.575556e+01 6.560000e+01 6.533333e+01 6.506667e+01 6.477778e+01 6.457778e+01 6.444444e+01 6.437778e+01 6.435556e+01 6.433333e+01
5.135556e+01 5.162222e+01 5.186667e+01 5.206667e+01 5.231111e+01 5.257778e+01 5.282222e+01 5.291111e+01 5.282222e+01 5.257778e+01 5.231111e+01 5.202222e+01 5.173333e+01 5.144444e+01 5.122222e+01 5.113333e+01 5.120000e+01 5.140000e+01 5.164444e+01 5.188889e+01 5.211111e+01 5.233333e+01 5.260000e+01 5.302222e+01 5.364444e+01 5.440000e+01 5.520000e+01 5.600000e+01 5.677778e+01 5.753333e+01 5.828889e+01 5.904444e+01 5.980000e+01 6.053333e+01 6.126667e+01 6.202222e+01 6.282222e+01 6.362222e+01 6.431111e+01 6.482222e+01 6.508889e+01 6.517778e+01 6.508889e+01 6.495556e+01 6.473333e+01 6.448889e+01 6.422222e+01 6.404444e+01 6.395556e+01 6.395556e+01 6.397778e+01 6.400000e+01
5.131111e+01 5.157778e+01 5.180000e+01 5.200000e+01 5.222222e+01 5.242222e+01 5.260000e+01 5.264444e+01 5.257778e+01 5.240000e+01 5.220000e+01 5.195556e+01 5.166667e+01 5.135556e+01 5.108889e+01 5.093333e+01 5.091111e+01 5.102222e+01 5.120000e+01 5.137778e+01 5.155556e+01 5.173333e+01 5.202222e+01 5.244444e+01 5.311111e+01 5.391111e+01 5.480000e+01 5.564444e+01 5.644444e+01 5.722222e+01 5.797778e+01 5.873333e+01 5.944444e+01 6.013333e+01 6.080000e+01 6.148889e+01 6.220000e+01 6.288889e+01 6.348889e+01 6.393333e+01 6.420000e+01 6.431111e+01 6.428889e+01 6.422222e+01 6.406667e+01 6.388889e+01 6.366667e+01 6.353333e+01 6.346667e+01 6.348889e+01 6.351111e+01 6.353333e+01
5.131111e+01 5.157778e+01 5.180000e+01 5.200000e+01 5.217778e+01 5.231111e+01 5.240000e+01 5.242222e+01 5.237778e+01 5.228889e+01 5.215556e+01 5.195556e+01 5.166667e+01 5.133333e+01 5.104444e+01 5.082222e+01 5.071111e+01 5.066667e+01 5.071111e+01 5.077778e+01 5.091111e+01 5.108889e+01 5.140000e+01 5.186667e+01 5.257778e+01 5.346667e+01 5.444444e+01 5.535556e+01 5.620000e+01 5.700000e+01 5.775556e+01 5.848889e+01 5.917778e+01 5.982222e+01 6.040000e+01 6.097778e+01 6.155556e+01 6.211111e+01 6.257778e+01 6.295556e+01 6.322222e+01 6.337778e+01 6.344444e+01 6.346667e+01 6.340000e+01 6.328889e+01 6.311111e+01 6.300000e+01 6.293333e+01 6.297778e+01 6.302222e+01 6.306667e+01
5.133333e+01 5.160000e+01 5.180000e+01 5.197778e+01 5.211111e+01 5.217778e+01 5.220000e+01 5.220000e+01 5.217778e+01 5.215556e+01 5.208889e+01 5.195556e+01 5.173333e+01 5.142222e+01 5.113333e+01 5.086667e+01 5.066667e+01 5.048889e+01 5.037778e+01 5.033333e+01 5.040000e+01 5.055556e+01 5.088889e+01 5.140000e+01 5.215556e+01 5.311111e+01 5.415556e+01 5.513333e+01 5.600000e+01 5.680000e+01 5.753333e+01 5.824444e+01 5.888889e+01 5.948889e+01 6.000000e+01 6.048889e+01 6.093333e+01 6.133333e+01 6.166667e+01 6.195556e+01 6.222222e+01 6.242222e+01 6.260000e+01 6.268889e+01 6.268889e+01 6.264444e+01 6.255556e+01 6.251111e+01 6.246667e+01 6.248889e+01 6.251111e+01 6.253333e+01
5.126667e+01 5.153333e+01 5.173333e+01 5.191111e+01 5.202222e+01 5.206667e+01 5.206667e+01 5.206667e+01 5.206667e+01 5.206667e+01 5.204444e+01 5.197778e+01 5.182222e+01 5.157778e+01 5.131111e+01 5.106667e+01 5.082222e+01 5.057778e+01 5.035556e+01 5.024444e+01 5.026667e+01 5.042222e+01 5.073333e+01 5.124444e+01 5.197778e+01 5.293333e+01 5.395556e+01 5.493333e+01 5.577778e+01 5.655556e+01 5.726667e+01 5.795556e+01 5.855556e+01 5.911111e+01 5.955556e+01 5.997778e+01 6.031111e+01 6.062222e+01 6.086667e+01 6.111111e+01 6.137778e+01 6.162222e+01 6.186667e+01 6.202222e+01 6.208889e+01 6.208889e+01 6.202222e+01 6.200000e+01 6.197778e+01 6.202222e+01 6.202222e+01 6.202222e+01
5.113333e+01 5.140000e+01 5.160000e+01 5.177778e+01 5.188889e+01 5.195556e+01 5.197778e+01 5.200000e+01 5.200000e+01 5.200000e+01 5.200000e+01 5.197778e+01 5.191111e+01 5.177778e+01 5.162222e+01 5.146667e+01 5.124444e+01 5.100000e+01 5.075556e+01 5.064444e+01 5.064444e+01 5.075556e+01 5.100000e+01 5.144444e+01 5.208889e+01 5.293333e+01 5.382222e+01 5.471111e+01 5.548889e+01 5.622222e+01 5.688889e+01 5.753333e+01 5.811111e+01 5.864444e+01 5.908889e+01 5.946667e+01 5.975556e+01 6.000000e+01 6.020000e+01 6.042222e+01 6.068889e+01 6.097778e+01 6.124444e+01 6.142222e+01 6.151111e+01 6.153333e+01 6.151111e+01 6.151111e+01 6.151111e+01 6.153333e+01 6.151111e+01 6.148889e+01
5.093333e+01 5.120000e+01 5.137778e+01 5.155556e+01 5.171111e+01 5.186667e+01 5.195556e+01 5.200000e+01 5.200000e+01 5.200000e+01 5.200000e+01 5.202222e+01 5.204444e+01 5.206667e+01 5.204444e+01 5.200000e+01 5.186667e+01 5.168889e+01 5.151111e+01 5.142222e+01 5.142222e+01 5.148889e+01 5.164444e+01 5.195556e+01 5.242222e+01 5.306667e+01 5.375556e+01 5.448889e+01 5.515556e+01 5.582222e+01 5.642222e+01 5.702222e+01 5.757778e+01 5.811111e+01 5.855556e+01 5.893333e+01 5.922222e+01 5.946667e+01 5.966667e+01 5.991111e+01 6.017778e+01 6.048889e+01 6.075556e+01 6.095556e+01 6.104444e+01 6.106667e+01 6.102222e+01 6.100000e+01 6.097778e+01 6.100000e+01 6.097778e+01 6.095556e+01
