Meeting_03/Feodosiya_sm.grd
DSAA
384 	240
 35.061  35.859
 44.672  45.170
  8.006945e-01   9.021778e+02
[rows 46 to 68 of 240, columns 0 to 51 of 384]
2.786667e+01 4.104444e+01 3.957778e+01 3.844444e+01 3.762222e+01 3.717778e+01 3.702222e+01 3.720000e+01 3.771111e+01 3.855556e+01 3.962222e+01 4.091111e+01 4.242222e+01 4.408889e+01 4.562222e+01 4.668889e+01 4.720000e+01 4.724444e+01 4.713333e+01 4.700000e+01 4.693333e+01 4.688889e+01 4.688889e+01 4.697778e+01 4.715556e+01 4.742222e+01 4.773333e+01 4.804444e+01 4.835556e+01 4.862222e+01 4.886667e+01 4.902222e+01 4.911111e+01 4.913333e+01 4.913333e+01 4.913333e+01 4.911111e+01 4.908889e+01 4.906667e+01 4.913333e+01 4.922222e+01 4.942222e+01 4.971111e+01 5.024444e+01 5.102222e+01 5.200000e+01 5.306667e+01 5.411111e+01 5.513333e+01 5.613333e+01 5.711111e+01 5.804444e+01
2.795556e+01 4.115556e+01 3.964444e+01 3.842222e+01 3.744444e+01 3.677778e+01 3.633333e+01 3.620000e+01 3.637778e+01 3.688889e+01 3.762222e+01 3.857778e+01 3.977778e+01 4.115556e+01 4.248889e+01 4.346667e+01 4.404444e+01 4.428889e+01 4.440000e+01 4.448889e+01 4.460000e+01 4.475556e+01 4.493333e+01 4.520000e+01 4.555556e+01 4.602222e+01 4.651111e+01 4.697778e+01 4.742222e+01 4.784444e+01 4.824444e+01 4.857778e+01 4.880000e+01 4.897778e+01 4.908889e+01 4.922222e+01 4.928889e+01 4.933333e+01 4.933333e+01 4.940000e+01 4.946667e+01 4.960000e+01 4.980000e+01 5.020000e+01 5.084444e+01 5.166667e+01 5.260000e+01 5.353333e+01 5.444444e+01 5.533333e+01 5.620000e+01 5.704444e+01
2.826667e+01 4.162222e+01 4.011111e+01 3.877778e+01 3.760000e+01 3.660000e+01 3.575556e+01 3.520000e+01 3.495556e+01 3.502222e+01 3.533333e+01 3.593333e+01 3.684444e+01 3.797778e+01 3.913333e+01 4.004444e+01 4.068889e+01 4.111111e+01 4.146667e+01 4.177778e+01 4.208889e+01 4.240000e+01 4.277778e+01 4.324444e+01 4.384444e+01 4.455556e+01 4.531111e+01 4.602222e+01 4.666667e+01 4.726667e+01 4.782222e+01 4.833333e+01 4.873333e+01 4.911111e+01 4.940000e+01 4.966667e+01 4.980000e+01 4.986667e+01 4.986667e+01 4.991111e+01 4.995556e+01 5.002222e+01 5.015556e+01 5.044444e+01 5.097778e+01 5.166667e+01 5.246667e+01 5.326667e+01 5.404444e+01 5.480000e+01 5.553333e+01 5.628889e+01
2.824444e+01 4.160000e+01 4.013333e+01 3.868889e+01 3.731111e+01 3.597778e+01 3.477778e+01 3.386667e+01 3.324444e+01 3.291111e+01 3.282222e+01 3.308889e+01 3.371111e+01 3.462222e+01 3.562222e+01 3.651111e+01 3.722222e+01 3.782222e+01 3.837778e+01 3.893333e+01 3.944444e+01 3.995556e+01 4.051111e+01 4.120000e+01 4.204444e+01 4.304444e+01 4.406667e+01 4.502222e+01 4.588889e+01 4.668889e+01 4.746667e+01 4.815556e+01 4.880000e+01 4.937778e+01 4.988889e+01 5.026667e+01 5.046667e+01 5.051111e+01 5.048889e+01 5.048889e+01 5.048889e+01 5.048889e+01 5.055556e+01 5.077778e+01 5.120000e+01 5.177778e+01 5.244444e+01 5.311111e+01 5.375556e+01 5.435556e+01 5.497778e+01 5.564444e+01
2.717778e+01 4.006667e+01 3.873333e+01 3.735556e+01 3.600000e+01 3.462222e+01 3.335556e+01 3.226667e+01 3.137778e+01 3.066667e+01 3.022222e+01 3.015556e+01 3.053333e+01 3.124444e+01 3.211111e+01 3.295556e+01 3.371111e+01 3.442222e+01 3.515556e+01 3.588889e+01 3.662222e+01 3.733333e+01 3.813333e+01 3.906667e+01 4.015556e+01 4.137778e+01 4.262222e+01 4.382222e+01 4.495556e+01 4.600000e+01 4.700000e+01 4.791111e+01 4.882222e+01 4.966667e+01 5.042222e+01 5.093333e+01 5.117778e+01 5.115556e+01 5.104444e+01 5.093333e+01 5.086667e+01 5.080000e+01 5.082222e+01 5.097778e+01 5.131111e+01 5.177778e+01 5.233333e+01 5.288889e+01 5.342222e+01 5.391111e+01 5.444444e+01 5.506667e+01
2.486667e+01 3.671111e+01 3.560000e+01 3.451111e+01 3.348889e+01 3.248889e+01 3.153333e+01 3.055556e+01 2.951111e+01 2.844444e+01 2.760000e+01 2.717778e+01 2.728889e+01 2.782222e+01 2.855556e+01 2.935556e+01 3.011111e+01 3.091111e+01 3.175556e+01 3.266667e+01 3.362222e+01 3.462222e+01 3.568889e+01 3.686667e+01 3.815556e+01 3.953333e+01 4.093333e+01 4.233333e+01 4.373333e+01 4.508889e+01 4.640000e+01 4.764444e+01 4.886667e+01 5.000000e+01 5.097778e+01 5.162222e+01 5.186667e+01 5.173333e+01 5.146667e+01 5.122222e+01 5.104444e+01 5.091111e+01 5.084444e+01 5.093333e+01 5.117778e+01 5.155556e+01 5.202222e+01 5.248889e+01 5.295556e+01 5.340000e+01 5.388889e+01 5.448889e+01
2.151111e+01 3.182222e+01 3.097778e+01 3.031111e+01 2.977778e+01 2.937778e+01 2.895556e+01 2.828889e+01 2.724444e+01 2.595556e+01 2.482222e+01 2.413333e+01 2.404444e+01 2.440000e+01 2.502222e+01 2.573333e+01 2.648889e+01 2.733333e+01 2.826667e+01 2.931111e+01 3.048889e+01 3.177778e+01 3.315556e+01 3.455556e+01 3.602222e+01 3.751111e+01 3.904444e+01 4.064444e+01 4.231111e+01 4.402222e+01 4.566667e+01 4.728889e+01 4.882222e+01 5.028889e+01 5.151111e+01 5.228889e+01 5.251111e+01 5.224444e+01 5.180000e+01 5.137778e+01 5.106667e+01 5.084444e+01 5.071111e+01 5.071111e+01 5.088889e+01 5.117778e+01 5.157778e+01 5.197778e+01 5.242222e+01 5.286667e+01 5.335556e+01 5.393333e+01
1.775556e+01 2.624444e+01 2.546667e+01 2.493333e+01 2.451111e+01 2.424444e+01 2.400000e+01 2.360000e+01 2.293333e+01 2.208889e+01 2.135556e+01 2.091111e+01 2.088889e+01 2.115556e+01 2.166667e+01 2.228889e+01 2.302222e+01 2.391111e+01 2.491111e+01 2.611111e+01 2.748889e+01 2.904444e+01 3.066667e+01 3.226667e+01 3.386667e+01 3.546667e+01 3.711111e+01 3.888889e+01 4.077778e+01 4.280000e+01 4.477778e+01 4.675556e+01 4.860000e+01 5.035556e+01 5.177778e+01 5.266667e+01 5.284444e+01 5.246667e+01 5.186667e+01 5.133333e+01 5.093333e+01 5.064444e+01 5.044444e+01 5.037778e+01 5.051111e+01 5.075556e+01 5.111111e+01 5.146667e+01 5.191111e+01 5.237778e+01 5.288889e+01 5.344444e+01
1.515556e+01 2.217778e+01 2.100000e+01 1.977778e+01 1.828889e+01 1.671111e+01 1.544444e+01 1.488889e+01 1.520000e+01 1.620000e+01 1.742222e+01 1.837778e+01 1.895556e+01 1.920000e+01 1.946667e+01 1.984444e+01 2.044444e+01 2.122222e+01 2.215556e+01 2.333333e+01 2.477778e+01 2.644444e+01 2.822222e+01 2.997778e+01 3.171111e+01 3.342222e+01 3.520000e+01 3.713333e+01 3.922222e+01 4.144444e+01 4.366667e+01 4.584444e+01 4.791111e+01 4.982222e+01 5.140000e+01 5.235556e+01 5.257778e+01 5.217778e+01 5.155556e+01 5.097778e+01 5.057778e+01 5.026667e+01 5.008889e+01 5.000000e+01 5.013333e+01 5.033333e+01 5.066667e+01 5.102222e+01 5.148889e+01 5.197778e+01 5.248889e+01 5.302222e+01
1.462222e+01 2.093333e+01 1.873333e+01 1.577778e+01 1.283111e+01 1.006867e+01 8.517057e+00 7.970510e+00 8.935310e+00 1.117582e+01 1.438014e+01 1.717778e+01 1.895556e+01 1.920000e+01 1.897778e+01 1.886667e+01 1.911111e+01 1.957778e+01 2.022222e+01 2.117778e+01 2.248889e+01 2.411111e+01 2.588889e+01 2.773333e+01 2.957778e+01 3.142222e+01 3.333333e+01 3.540000e+01 3.764444e+01 4.000000e+01 4.235556e+01 4.460000e+01 4.671111e+01 4.864444e+01 5.024444e+01 5.126667e+01 5.155556e+01 5.126667e+01 5.075556e+01 5.031111e+01 5.002222e+01 4.977778e+01 4.962222e+01 4.955556e+01 4.971111e+01 4.995556e+01 5.031111e+01 5.071111e+01 5.117778e+01 5.168889e+01 5.217778e+01 5.268889e+01
1.455556e+01 2.020000e+01 1.651111e+01 1.239802e+01 8.827123e+00 6.157672e+00 4.657209e+00 4.155742e+00 5.152444e+00 7.210437e+00 1.159392e+01 1.602222e+01 1.957778e+01 1.993333e+01 1.917778e+01 1.851111e+01 1.835556e+01 1.848889e+01 1.880000e+01 1.944444e+01 2.053333e+01 2.197778e+01 2.366667e+01 2.548889e+01 2.742222e+01 2.940000e+01 3.148889e+01 3.368889e+01 3.604444e+01 3.844444e+01 4.080000e+01 4.300000e+01 4.502222e+01 4.686667e+01 4.840000e+01 4.944444e+01 4.988889e+01 4.984444e+01 4.962222e+01 4.940000e+01 4.926667e+01 4.913333e+01 4.906667e+01 4.908889e+01 4.928889e+01 4.960000e+01 5.000000e+01 5.046667e+01 5.093333e+01 5.146667e+01 5.193333e+01 5.242222e+01
1.107671e+01 1.561689e+01 1.301068e+01 9.570546e+00 6.907078e+00 5.508823e+00 5.070981e+00 4.924426e+00 5.332488e+00 6.016124e+00 8.841524e+00 1.279349e+01 1.660000e+01 1.751111e+01 1.673333e+01 1.604444e+01 1.606667e+01 1.646667e+01 1.697778e+01 1.771111e+01 1.875556e+01 2.004444e+01 2.155556e+01 2.328889e+01 2.524444e+01 2.735556e+01 2.957778e+01 3.188889e+01 3.426667e+01 3.666667e+01 3.895556e+01 4.108889e+01 4.297778e+01 4.471111e+01 4.615556e+01 4.724444e+01 4.786667e+01 4.811111e+01 4.820000e+01 4.824444e+01 4.831111e+01 4.835556e+01 4.842222e+01 4.857778e+01 4.886667e+01 4.926667e+01 4.973333e+01 5.024444e+01 5.073333e+01 5.126667e+01 5.173333e+01 5.220000e+01
5.987822e+00 8.907106e+00 7.997308e+00 6.794198e+00 5.676100e+00 5.395364e+00 5.193466e+00 5.138496e+00 1.701410e+38 1.701410e+38 1.701410e+38 9.289867e+00 1.238442e+01 1.354628e+01 1.311331e+01 1.256673e+01 1.220498e+01 1.277239e+01 1.393333e+01 1.580000e+01 1.733333e+01 1.853333e+01 1.977778e+01 2.126667e+01 2.315556e+01 2.531111e+01 2.760000e+01 2.993333e+01 3.224444e+01 3.455556e+01 3.675556e+01 3.880000e+01 4.060000e+01 4.224444e+01 4.366667e+01 4.482222e+01 4.564444e+01 4.617778e+01 4.660000e+01 4.691111e+01 4.722222e+01 4.746667e+01 4.775556e+01 4.806667e+01 4.846667e+01 4.893333e+01 4.946667e+01 5.000000e+01 5.051111e+01 5.104444e+01 5.153333e+01 5.197778e+01
1.690598e+00 3.511932e+00 4.855656e+00 5.353722e+00 5.266239e+00 5.203070e+00 1.701410e+38 1.701410e+38 1.701410e+38 1.701410e+38 1.701410e+38 1.701410e+38 8.257202e+00 9.389221e+00 9.386884e+00 9.115360e+00 8.665986e+00 8.970469e+00 1.080780e+01 1.377778e+01 1.642222e+01 1.764444e+01 1.844444e+01 1.951111e+01 2.117778e+01 2.324444e+01 2.544444e+01 2.766667e+01 2.986667e+01 3.206667e+01 3.417778e+01 3.613333e+01 3.788889e+01 3.951111e+01 4.097778e+01 4.224444e+01 4.326667e+01 4.406667e+01 4.477778e+01 4.540000e+01 4.600000e+01 4.653333e+01 4.706667e+01 4.757778e+01 4.811111e+01 4.864444e+01 4.920000e+01 4.973333e+01 5.026667e+01 5.080000e+01 5.128889e+01 5.171111e+01
1.127456e+00 2.459186e+00 3.596033e+00 1.701410e+38 1.701410e+38 1.701410e+38 1.701410e+38 1.701410e+38 1.701410e+38 1.701410e+38 1.701410e+38 1.701410e+38 7.417545e+00 8.001689e+00 8.087401e+00 7.786351e+00 6.958301e+00 6.820961e+00 8.673602e+00 1.231377e+01 1.564444e+01 1.702222e+01 1.733333e+01 1.791111e+01 1.928889e+01 2.117778e+01 2.317778e+01 2.520000e+01 2.724444e+01 2.928889e+01 3.128889e+01 3.315556e+01 3.488889e+01 3.653333e+01 3.806667e+01 3.946667e+01 4.068889e+01 4.177778e+01 4.280000e+01 4.375556e+01 4.466667e+01 4.551111e+01 4.633333e+01 4.706667e+01 4.773333e+01 4.833333e+01 4.891111e+01 4.946667e+01 5.000000e+01 5.053333e+01 5.102222e+01 5.142222e+01
1.701410e+38 1.701410e+38 1.701410e+38 1.701410e+38 1.701410e+38 1.701410e+38 1.701410e+38 1.701410e+38 1.701410e+38 1.701410e+38 1.701410e+38 1.701410e+38 1.701410e+38 7.112592e+00 7.174681e+00 6.984344e+00 6.584537e+00 6.227679e+00 7.256297e+00 1.023907e+01 1.360000e+01 1.542222e+01 1.557778e+01 1.593333e+01 1.717778e+01 1.893333e+01 2.075556e+01 2.260000e+01 2.448889e+01 2.637778e+01 2.824444e+01 3.006667e+01 3.182222e+01 3.353333e+01 3.515556e+01 3.668889e+01 3.808889e+01 3.942222e+01 4.068889e+01 4.195556e+01 4.317778e+01 4.440000e+01 4.553333e+01 4.653333e+01 4.735556e+01 4.804444e+01 4.864444e+01 4.922222e+01 4.977778e+01 5.031111e+01 5.077778e+01 5.117778e+01
1.701410e+38 1.701410e+38 1.701410e+38 1.701410e+38 1.701410e+38 1.701410e+38 1.701410e+38 1.701410e+38 1.701410e+38 1.701410e+38 1.701410e+38 1.701410e+38 1.701410e+38 1.701410e+38 1.701410e+38 6.391809e+00 6.167829e+00 5.992718e+00 6.146998e+00 7.559465e+00 9.657073e+00 1.146667e+01 1.237778e+01 1.328889e+01 1.486667e+01 1.675556e+01 1.855556e+01 2.031111e+01 2.206667e+01 2.377778e+01 2.548889e+01 2.722222e+01 2.897778e+01 3.073333e+01 3.244444e+01 3.408889e+01 3.562222e+01 3.708889e+01 3.851111e+01 3.997778e+01 4.148889e+01 4.306667e+01 4.455556e+01 4.584444e+01 4.686667e+01 4.768889e+01 4.840000e+01 4.904444e+01 4.964444e+01 5.017778e+01 5.064444e+01 5.102222e+01
1.701410e+38 1.701410e+38 1.701410e+38 1.701410e+38 1.701410e+38 1.701410e+38 1.701410e+38 1.701410e+38 1.701410e+38 1.701410e+38 1.701410e+38 1.701410e+38 1.701410e+38 1.701410e+38 1.701410e+38 1.701410e+38 1.701410e+38 1.701410e+38 4.986765e+00 5.137114e+00 6.031053e+00 7.031237e+00 8.308725e+00 9.911111e+00 1.240000e+01 1.473333e+01 1.673333e+01 1.853333e+01 2.020000e+01 2.173333e+01 2.324444e+01 2.484444e+01 2.655556e+01 2.835556e+01 3.013333e+01 3.182222e+01 3.335556e+01 3.482222e+01 3.626667e+01 3.786667e+01 3.962222e+01 4.155556e+01 4.340000e+01 4.500000e+01 4.628889e+01 4.733333e+01 4.822222e+01 4.897778e+01 4.962222e+01 5.015556e+01 5.060000e+01 5.097778e+01
1.701410e+38 1.701410e+38 1.701410e+38 1.701410e+38 1.701410e+38 1.701410e+38 1.701410e+38 1.701410e+38 1.701410e+38 1.701410e+38 1.701410e+38 1.701410e+38 1.701410e+38 1.701410e+38 1.701410e+38 1.701410e+38 1.701410e+38 1.701410e+38 1.701410e+38 3.999793e+00 3.947243e+00 4.023327e+00 5.287766e+00 7.088874e+00 9.892197e+00 1.251111e+01 1.482222e+01 1.677778e+01 1.846667e+01 1.988889e+01 2.122222e+01 2.268889e+01 2.437778e+01 2.622222e+01 2.806667e+01 2.975556e+01 3.124444e+01 3.260000e+01 3.400000e+01 3.564444e+01 3.760000e+01 3.984444e+01 4.204444e+01 4.400000e+01 4.560000e+01 4.693333e+01 4.806667e+01 4.900000e+01 4.971111e+01 5.024444e+01 5.064444e+01 5.100000e+01
1.701410e+38 1.701410e+38 1.701410e+38 1.701410e+38 1.701410e+38 1.701410e+38 1.701410e+38 1.701410e+38 1.701410e+38 1.701410e+38 1.701410e+38 1.701410e+38 1.701410e+38 1.701410e+38 1.701410e+38 1.701410e+38 1.701410e+38 1.701410e+38 1.701410e+38 1.701410e+38 1.701410e+38 1.701410e+38 1.701410e+38 1.701410e+38 6.486530e+00 8.755556e+00 1.142222e+01 1.364444e+01 1.553333e+01 1.708889e+01 1.848889e+01 2.004444e+01 2.188889e+01 2.393333e+01 2.595556e+01 2.771111e+01 2.915556e+01 3.042222e+01 3.175556e+01 3.344444e+01 3.557778e+01 3.811111e+01 4.064444e+01 4.293333e+01 4.484444e+01 4.646667e+01 4.784444e+01 4.895556e+01 4.975556e+01 5.028889e+01 5.066667e+01 5.102222e+01
1.701410e+38 1.701410e+38 1.701410e+38 1.701410e+38 1.701410e+38 1.701410e+38 1.701410e+38 1.701410e+38 1.701410e+38 1.701410e+38 1.701410e+38 1.701410e+38 1.701410e+38 1.701410e+38 1.701410e+38 1.701410e+38 1.701410e+38 1.701410e+38 1.701410e+38 1.701410e+38 1.701410e+38 1.701410e+38 1.701410e+38 1.701410e+38 4.153709e+00 5.625972e+00 7.801347e+00 9.241013e+00 1.066810e+01 1.213333e+01 1.408889e+01 1.617778e+01 1.853333e+01 2.104444e+01 2.344444e+01 2.546667e+01 2.702222e+01 2.828889e+01 2.960000e+01 3.135556e+01 3.368889e+01 3.648889e+01 3.931111e+01 4.188889e+01 4.408889e+01 4.597778e+01 4.757778e+01 4.882222e+01 4.971111e+01 5.026667e+01 5.064444e+01 5.097778e+01
1.701410e+38 1.701410e+38 1.701410e+38 1.701410e+38 1.701410e+38 1.701410e+38 1.701410e+38 1.701410e+38 1.701410e+38 1.701410e+38 1.701410e+38 1.701410e+38 1.701410e+38 1.701410e+38 1.701410e+38 1.701410e+38 1.701410e+38 1.701410e+38 1.701410e+38 1.701410e+38 1.701410e+38 1.701410e+38 1.701410e+38 1.701410e+38 2.837837e+00 3.528004e+00 4.895307e+00 5.544560e+00 6.243762e+00 6.809537e+00 8.535362e+00 1.084444e+01 1.408889e+01 1.735556e+01 2.040000e+01 2.293333e+01 2.480000e+01 2.620000e+01 2.757778e+01 2.944444e+01 3.197778e+01 3.502222e+01 3.811111e+01 4.093333e+01 4.335556e+01 4.542222e+01 4.717778e+01 4.853333e+01 4.951111e+01 5.011111e+01 5.051111e+01 5.084444e+01
1.701410e+38 1.701410e+38 1.701410e+38 1.701410e+38 1.701410e+38 1.701410e+38 1.701410e+38 1.701410e+38 1.701410e+38 1.701410e+38 1.701410e+38 1.701410e+38 1.701410e+38 1.701410e+38 1.701410e+38 1.701410e+38 1.701410e+38 1.701410e+38 1.701410e+38 1.701410e+38 1.701410e+38 1.701410e+38 1.701410e+38 1.701410e+38 1.701410e+38 1.701410e+38 3.953112e+00 3.714776e+00 3.565250e+00 3.342741e+00 4.505413e+00 6.236110e+00 9.476499e+00 1.311111e+01 1.702222e+01 2.022222e+01 2.253333e+01 2.415556e+01 2.566667e+01 2.768889e+01 3.042222e+01 3.368889e+01 3.697778e+01 3.997778e+01 4.257778e+01 4.480000e+01 4.668889e+01 4.815556e+01 4.920000e+01 4.986667e+01 5.028889e+01 5.064444e+01
