Meeting_03/Feodosiya_sm.grd
DSAA
384 	240
 35.061  35.859
 44.672  45.170
  8.006945e-01   9.021778e+02
[rows 69 to 91 of 240, columns 260 to 311 of 384]
5.795556e+01 5.795556e+01 5.797778e+01 5.797778e+01 5.795556e+01 5.788889e+01 5.782222e+01 5.771111e+01 5.757778e+01 5.737778e+01 5.715556e+01 5.691111e+01 5.666667e+01 5.642222e+01 5.620000e+01 5.595556e+01 5.564444e+01 5.528889e+01 5.495556e+01 5.466667e+01 5.442222e+01 5.420000e+01 5.395556e+01 5.364444e+01 5.320000e+01 5.268889e+01 5.215556e+01 5.171111e+01 5.137778e+01 5.111111e+01 5.088889e+01 5.064444e+01 5.035556e+01 5.004444e+01 4.971111e+01 4.944444e+01 4.915556e+01 4.891111e+01 4.871111e+01 4.866667e+01 4.877778e+01 4.904444e+01 4.935556e+01 4.966667e+01 4.993333e+01 5.022222e+01 5.055556e+01 5.095556e+01 5.142222e+01 5.195556e+01 5.255556e+01 5.324444e+01
5.802222e+01 5.802222e+01 5.804444e+01 5.806667e+01 5.806667e+01 5.804444e+01 5.800000e+01 5.788889e+01 5.773333e+01 5.751111e+01 5.728889e+01 5.704444e+01 5.677778e+01 5.651111e+01 5.626667e+01 5.604444e+01 5.577778e+01 5.551111e+01 5.524444e+01 5.502222e+01 5.480000e+01 5.460000e+01 5.433333e+01 5.400000e+01 5.353333e+01 5.302222e+01 5.248889e+01 5.206667e+01 5.173333e+01 5.146667e+01 5.122222e+01 5.100000e+01 5.075556e+01 5.051111e+01 5.022222e+01 4.997778e+01 4.968889e+01 4.944444e+01 4.922222e+01 4.915556e+01 4.924444e+01 4.948889e+01 4.975556e+01 5.002222e+01 5.024444e+01 5.048889e+01 5.075556e+01 5.106667e+01 5.146667e+01 5.193333e+01 5.248889e+01 5.311111e+01
5.820000e+01 5.822222e+01 5.822222e+01 5.822222e+01 5.817778e+01 5.815556e+01 5.808889e+01 5.797778e+01 5.782222e+01 5.762222e+01 5.742222e+01 5.720000e+01 5.693333e+01 5.666667e+01 5.640000e+01 5.620000e+01 5.600000e+01 5.582222e+01 5.564444e+01 5.546667e+01 5.526667e+01 5.506667e+01 5.480000e+01 5.446667e+01 5.400000e+01 5.346667e+01 5.293333e+01 5.248889e+01 5.215556e+01 5.188889e+01 5.166667e+01 5.144444e+01 5.120000e+01 5.095556e+01 5.071111e+01 5.048889e+01 5.024444e+01 5.002222e+01 4.982222e+01 4.975556e+01 4.982222e+01 5.002222e+01 5.024444e+01 5.044444e+01 5.060000e+01 5.075556e+01 5.095556e+01 5.120000e+01 5.153333e+01 5.193333e+01 5.242222e+01 5.297778e+01
5.846667e+01 5.848889e+01 5.848889e+01 5.846667e+01 5.837778e+01 5.828889e+01 5.815556e+01 5.800000e+01 5.784444e+01 5.771111e+01 5.760000e+01 5.742222e+01 5.717778e+01 5.688889e+01 5.662222e+01 5.642222e+01 5.628889e+01 5.620000e+01 5.611111e+01 5.597778e+01 5.580000e+01 5.557778e+01 5.531111e+01 5.495556e+01 5.451111e+01 5.397778e+01 5.344444e+01 5.300000e+01 5.266667e+01 5.240000e+01 5.215556e+01 5.191111e+01 5.168889e+01 5.144444e+01 5.120000e+01 5.097778e+01 5.080000e+01 5.064444e+01 5.051111e+01 5.044444e+01 5.051111e+01 5.064444e+01 5.080000e+01 5.091111e+01 5.102222e+01 5.113333e+01 5.126667e+01 5.142222e+01 5.168889e+01 5.204444e+01 5.248889e+01 5.295556e+01
5.873333e+01 5.875556e+01 5.875556e+01 5.871111e+01 5.855556e+01 5.837778e+01 5.817778e+01 5.802222e+01 5.791111e+01 5.784444e+01 5.780000e+01 5.766667e+01 5.744444e+01 5.715556e+01 5.688889e+01 5.671111e+01 5.662222e+01 5.660000e+01 5.657778e+01 5.648889e+01 5.633333e+01 5.611111e+01 5.584444e+01 5.548889e+01 5.504444e+01 5.451111e+01 5.397778e+01 5.351111e+01 5.317778e+01 5.291111e+01 5.268889e+01 5.244444e+01 5.220000e+01 5.193333e+01 5.168889e+01 5.151111e+01 5.140000e+01 5.131111e+01 5.124444e+01 5.120000e+01 5.124444e+01 5.131111e+01 5.140000e+01 5.144444e+01 5.148889e+01 5.153333e+01 5.160000e+01 5.171111e+01 5.191111e+01 5.220000e+01 5.255556e+01 5.295556e+01
5.895556e+01 5.897778e+01 5.897778e+01 5.888889e+01 5.871111e+01 5.848889e+01 5.826667e+01 5.811111e+01 5.802222e+01 5.800000e+01 5.800000e+01 5.793333e+01 5.775556e+01 5.748889e+01 5.722222e+01 5.706667e+01 5.700000e+01 5.700000e+01 5.697778e+01 5.691111e+01 5.675556e+01 5.653333e+01 5.624444e+01 5.588889e+01 5.546667e+01 5.497778e+01 5.446667e+01 5.402222e+01 5.368889e+01 5.344444e+01 5.320000e+01 5.295556e+01 5.271111e+01 5.244444e+01 5.217778e+01 5.200000e+01 5.193333e+01 5.193333e+01 5.193333e+01 5.193333e+01 5.195556e+01 5.197778e+01 5.200000e+01 5.197778e+01 5.197778e+01 5.197778e+01 5.200000e+01 5.206667e+01 5.220000e+01 5.242222e+01 5.271111e+01 5.306667e+01
5.904444e+01 5.908889e+01 5.908889e+01 5.900000e+01 5.882222e+01 5.862222e+01 5.840000e+01 5.826667e+01 5.822222e+01 5.824444e+01 5.826667e+01 5.822222e+01 5.808889e+01 5.788889e+01 5.766667e+01 5.753333e+01 5.744444e+01 5.740000e+01 5.731111e+01 5.720000e+01 5.702222e+01 5.682222e+01 5.653333e+01 5.622222e+01 5.582222e+01 5.540000e+01 5.493333e+01 5.453333e+01 5.420000e+01 5.395556e+01 5.371111e+01 5.348889e+01 5.322222e+01 5.295556e+01 5.268889e+01 5.253333e+01 5.246667e+01 5.248889e+01 5.251111e+01 5.253333e+01 5.253333e+01 5.253333e+01 5.253333e+01 5.251111e+01 5.248889e+01 5.246667e+01 5.246667e+01 5.251111e+01 5.257778e+01 5.271111e+01 5.291111e+01 5.322222e+01
5.904444e+01 5.908889e+01 5.908889e+01 5.902222e+01 5.891111e+01 5.877778e+01 5.862222e+01 5.851111e+01 5.848889e+01 5.851111e+01 5.853333e+01 5.851111e+01 5.844444e+01 5.833333e+01 5.817778e+01 5.804444e+01 5.791111e+01 5.780000e+01 5.764444e+01 5.746667e+01 5.724444e+01 5.702222e+01 5.675556e+01 5.646667e+01 5.613333e+01 5.577778e+01 5.537778e+01 5.502222e+01 5.471111e+01 5.448889e+01 5.422222e+01 5.397778e+01 5.371111e+01 5.344444e+01 5.317778e+01 5.300000e+01 5.293333e+01 5.295556e+01 5.300000e+01 5.304444e+01 5.306667e+01 5.306667e+01 5.306667e+01 5.304444e+01 5.302222e+01 5.300000e+01 5.300000e+01 5.302222e+01 5.302222e+01 5.306667e+01 5.317778e+01 5.344444e+01
5.902222e+01 5.904444e+01 5.904444e+01 5.902222e+01 5.897778e+01 5.891111e+01 5.882222e+01 5.875556e+01 5.875556e+01 5.877778e+01 5.880000e+01 5.877778e+01 5.875556e+01 5.871111e+01 5.864444e+01 5.853333e+01 5.837778e+01 5.817778e+01 5.795556e+01 5.771111e+01 5.746667e+01 5.722222e+01 5.697778e+01 5.673333e+01 5.644444e+01 5.613333e+01 5.580000e+01 5.551111e+01 5.522222e+01 5.497778e+01 5.471111e+01 5.448889e+01 5.422222e+01 5.395556e+01 5.368889e+01 5.353333e+01 5.346667e+01 5.346667e+01 5.348889e+01 5.351111e+01 5.353333e+01 5.353333e+01 5.353333e+01 5.353333e+01 5.353333e+01 5.353333e+01 5.353333e+01 5.353333e+01 5.348889e+01 5.346667e+01 5.351111e+01 5.373333e+01
5.900000e+01 5.900000e+01 5.900000e+01 5.900000e+01 5.900000e+01 5.897778e+01 5.895556e+01 5.893333e+01 5.893333e+01 5.893333e+01 5.893333e+01 5.893333e+01 5.895556e+01 5.897778e+01 5.897778e+01 5.888889e+01 5.873333e+01 5.853333e+01 5.831111e+01 5.806667e+01 5.780000e+01 5.755556e+01 5.731111e+01 5.706667e+01 5.680000e+01 5.653333e+01 5.626667e+01 5.600000e+01 5.573333e+01 5.548889e+01 5.524444e+01 5.500000e+01 5.473333e+01 5.446667e+01 5.422222e+01 5.404444e+01 5.395556e+01 5.395556e+01 5.400000e+01 5.402222e+01 5.402222e+01 5.400000e+01 5.400000e+01 5.400000e+01 5.397778e+01 5.397778e+01 5.397778e+01 5.400000e+01 5.395556e+01 5.391111e+01 5.391111e+01 5.408889e+01
5.900000e+01 5.900000e+01 5.900000e+01 5.900000e+01 5.900000e+01 5.902222e+01 5.904444e+01 5.906667e+01 5.904444e+01 5.902222e+01 5.900000e+01 5.900000e+01 5.902222e+01 5.906667e+01 5.911111e+01 5.908889e+01 5.900000e+01 5.886667e+01 5.871111e+01 5.853333e+01 5.828889e+01 5.804444e+01 5.775556e+01 5.751111e+01 5.724444e+01 5.702222e+01 5.677778e+01 5.653333e+01 5.626667e+01 5.602222e+01 5.580000e+01 5.555556e+01 5.528889e+01 5.500000e+01 5.475556e+01 5.457778e+01 5.448889e+01 5.448889e+01 5.451111e+01 5.451111e+01 5.446667e+01 5.440000e+01 5.435556e+01 5.433333e+01 5.428889e+01 5.428889e+01 5.428889e+01 5.433333e+01 5.433333e+01 5.435556e+01 5.442222e+01 5.460000e+01
5.900000e+01 5.900000e+01 5.900000e+01 5.900000e+01 5.900000e+01 5.902222e+01 5.904444e+01 5.906667e+01 5.904444e+01 5.902222e+01 5.900000e+01 5.900000e+01 5.902222e+01 5.906667e+01 5.911111e+01 5.913333e+01 5.913333e+01 5.915556e+01 5.913333e+01 5.906667e+01 5.886667e+01 5.864444e+01 5.833333e+01 5.806667e+01 5.777778e+01 5.755556e+01 5.731111e+01 5.706667e+01 5.682222e+01 5.657778e+01 5.635556e+01 5.608889e+01 5.582222e+01 5.553333e+01 5.528889e+01 5.511111e+01 5.502222e+01 5.502222e+01 5.504444e+01 5.502222e+01 5.493333e+01 5.480000e+01 5.468889e+01 5.460000e+01 5.451111e+01 5.448889e+01 5.451111e+01 5.460000e+01 5.468889e+01 5.480000e+01 5.493333e+01 5.511111e+01
5.900000e+01 5.900000e+01 5.900000e+01 5.900000e+01 5.900000e+01 5.902222e+01 5.904444e+01 5.906667e+01 5.904444e+01 5.902222e+01 5.900000e+01 5.900000e+01 5.900000e+01 5.902222e+01 5.904444e+01 5.911111e+01 5.922222e+01 5.937778e+01 5.951111e+01 5.953333e+01 5.940000e+01 5.915556e+01 5.884444e+01 5.857778e+01 5.828889e+01 5.804444e+01 5.777778e+01 5.755556e+01 5.731111e+01 5.706667e+01 5.682222e+01 5.657778e+01 5.631111e+01 5.602222e+01 5.575556e+01 5.560000e+01 5.553333e+01 5.553333e+01 5.553333e+01 5.548889e+01 5.535556e+01 5.515556e+01 5.495556e+01 5.482222e+01 5.471111e+01 5.468889e+01 5.471111e+01 5.482222e+01 5.495556e+01 5.515556e+01 5.537778e+01 5.557778e+01
5.893333e+01 5.893333e+01 5.893333e+01 5.893333e+01 5.893333e+01 5.893333e+01 5.893333e+01 5.893333e+01 5.895556e+01 5.897778e+01 5.900000e+01 5.900000e+01 5.900000e+01 5.900000e+01 5.900000e+01 5.906667e+01 5.924444e+01 5.948889e+01 5.971111e+01 5.980000e+01 5.971111e+01 5.948889e+01 5.920000e+01 5.895556e+01 5.868889e+01 5.844444e+01 5.820000e+01 5.800000e+01 5.775556e+01 5.746667e+01 5.717778e+01 5.693333e+01 5.666667e+01 5.642222e+01 5.617778e+01 5.606667e+01 5.600000e+01 5.600000e+01 5.600000e+01 5.593333e+01 5.575556e+01 5.551111e+01 5.524444e+01 5.506667e+01 5.493333e+01 5.491111e+01 5.493333e+01 5.504444e+01 5.520000e+01 5.542222e+01 5.564444e+01 5.582222e+01
5.880000e+01 5.880000e+01 5.880000e+01 5.880000e+01 5.880000e+01 5.880000e+01 5.880000e+01 5.882222e+01 5.888889e+01 5.895556e+01 5.902222e+01 5.904444e+01 5.906667e+01 5.906667e+01 5.906667e+01 5.913333e+01 5.928889e+01 5.951111e+01 5.973333e+01 5.982222e+01 5.977778e+01 5.957778e+01 5.935556e+01 5.915556e+01 5.895556e+01 5.877778e+01 5.857778e+01 5.837778e+01 5.808889e+01 5.775556e+01 5.742222e+01 5.715556e+01 5.688889e+01 5.668889e+01 5.648889e+01 5.640000e+01 5.635556e+01 5.637778e+01 5.637778e+01 5.628889e+01 5.608889e+01 5.582222e+01 5.553333e+01 5.535556e+01 5.524444e+01 5.524444e+01 5.524444e+01 5.531111e+01 5.540000e+01 5.555556e+01 5.571111e+01 5.584444e+01
5.860000e+01 5.860000e+01 5.860000e+01 5.860000e+01 5.857778e+01 5.855556e+01 5.855556e+01 5.862222e+01 5.875556e+01 5.888889e+01 5.902222e+01 5.908889e+01 5.913333e+01 5.913333e+01 5.913333e+01 5.917778e+01 5.928889e+01 5.944444e+01 5.960000e+01 5.966667e+01 5.964444e+01 5.951111e+01 5.935556e+01 5.922222e+01 5.911111e+01 5.902222e+01 5.888889e+01 5.868889e+01 5.835556e+01 5.795556e+01 5.755556e+01 5.724444e+01 5.697778e+01 5.684444e+01 5.673333e+01 5.671111e+01 5.668889e+01 5.671111e+01 5.671111e+01 5.662222e+01 5.642222e+01 5.613333e+01 5.582222e+01 5.562222e+01 5.553333e+01 5.555556e+01 5.555556e+01 5.557778e+01 5.557778e+01 5.560000e+01 5.562222e+01 5.566667e+01
5.833333e+01 5.833333e+01 5.833333e+01 5.833333e+01 5.831111e+01 5.828889e+01 5.828889e+01 5.837778e+01 5.853333e+01 5.873333e+01 5.893333e+01 5.906667e+01 5.913333e+01 5.913333e+01 5.913333e+01 5.915556e+01 5.920000e+01 5.926667e+01 5.933333e+01 5.935556e+01 5.935556e+01 5.928889e+01 5.922222e+01 5.915556e+01 5.913333e+01 5.913333e+01 5.906667e+01 5.886667e+01 5.848889e+01 5.802222e+01 5.755556e+01 5.720000e+01 5.695556e+01 5.688889e+01 5.686667e+01 5.688889e+01 5.688889e+01 5.691111e+01 5.691111e+01 5.682222e+01 5.662222e+01 5.633333e+01 5.604444e+01 5.586667e+01 5.580000e+01 5.582222e+01 5.582222e+01 5.580000e+01 5.568889e+01 5.555556e+01 5.542222e+01 5.540000e+01
5.800000e+01 5.800000e+01 5.800000e+01 5.800000e+01 5.797778e+01 5.795556e+01 5.795556e+01 5.804444e+01 5.820000e+01 5.842222e+01 5.864444e+01 5.882222e+01 5.888889e+01 5.888889e+01 5.886667e+01 5.886667e+01 5.891111e+01 5.895556e+01 5.900000e+01 5.900000e+01 5.900000e+01 5.897778e+01 5.895556e+01 5.895556e+01 5.900000e+01 5.904444e+01 5.902222e+01 5.884444e+01 5.846667e+01 5.795556e+01 5.744444e+01 5.708889e+01 5.688889e+01 5.686667e+01 5.691111e+01 5.697778e+01 5.700000e+01 5.700000e+01 5.700000e+01 5.693333e+01 5.673333e+01 5.644444e+01 5.615556e+01 5.597778e+01 5.591111e+01 5.593333e+01 5.595556e+01 5.588889e+01 5.568889e+01 5.544444e+01 5.522222e+01 5.513333e+01
5.753333e+01 5.753333e+01 5.753333e+01 5.753333e+01 5.753333e+01 5.753333e+01 5.753333e+01 5.760000e+01 5.773333e+01 5.795556e+01 5.815556e+01 5.833333e+01 5.837778e+01 5.837778e+01 5.833333e+01 5.835556e+01 5.840000e+01 5.846667e+01 5.853333e+01 5.857778e+01 5.860000e+01 5.860000e+01 5.860000e+01 5.862222e+01 5.866667e+01 5.871111e+01 5.871111e+01 5.855556e+01 5.822222e+01 5.773333e+01 5.724444e+01 5.691111e+01 5.675556e+01 5.675556e+01 5.680000e+01 5.686667e+01 5.691111e+01 5.693333e+01 5.691111e+01 5.682222e+01 5.662222e+01 5.635556e+01 5.608889e+01 5.591111e+01 5.584444e+01 5.586667e+01 5.588889e+01 5.580000e+01 5.555556e+01 5.526667e+01 5.500000e+01 5.488889e+01
5.706667e+01 5.706667e+01 5.706667e+01 5.706667e+01 5.706667e+01 5.706667e+01 5.706667e+01 5.711111e+01 5.720000e+01 5.735556e+01 5.748889e+01 5.762222e+01 5.764444e+01 5.764444e+01 5.760000e+01 5.764444e+01 5.773333e+01 5.786667e+01 5.800000e+01 5.808889e+01 5.813333e+01 5.813333e+01 5.813333e+01 5.815556e+01 5.817778e+01 5.820000e+01 5.820000e+01 5.808889e+01 5.782222e+01 5.740000e+01 5.697778e+01 5.668889e+01 5.655556e+01 5.655556e+01 5.660000e+01 5.666667e+01 5.671111e+01 5.673333e+01 5.671111e+01 5.662222e+01 5.642222e+01 5.615556e+01 5.588889e+01 5.571111e+01 5.564444e+01 5.566667e+01 5.568889e+01 5.560000e+01 5.535556e+01 5.506667e+01 5.480000e+01 5.464444e+01
5.653333e+01 5.653333e+01 5.653333e+01 5.653333e+01 5.653333e+01 5.653333e+01 5.653333e+01 5.655556e+01 5.660000e+01 5.668889e+01 5.675556e+01 5.682222e+01 5.682222e+01 5.682222e+01 5.680000e+01 5.686667e+01 5.697778e+01 5.717778e+01 5.737778e+01 5.753333e+01 5.760000e+01 5.760000e+01 5.760000e+01 5.760000e+01 5.760000e+01 5.760000e+01 5.760000e+01 5.751111e+01 5.728889e+01 5.695556e+01 5.662222e+01 5.640000e+01 5.628889e+01 5.628889e+01 5.631111e+01 5.635556e+01 5.637778e+01 5.640000e+01 5.637778e+01 5.628889e+01 5.608889e+01 5.582222e+01 5.555556e+01 5.540000e+01 5.533333e+01 5.535556e+01 5.535556e+01 5.528889e+01 5.506667e+01 5.480000e+01 5.453333e+01 5.437778e+01
5.606667e+01 5.606667e+01 5.606667e+01 5.606667e+01 5.606667e+01 5.606667e+01 5.606667e+01 5.604444e+01 5.602222e+01 5.600000e+01 5.600000e+01 5.600000e+01 5.600000e+01 5.602222e+01 5.604444e+01 5.613333e+01 5.628889e+01 5.653333e+01 5.677778e+01 5.693333e+01 5.700000e+01 5.702222e+01 5.704444e+01 5.706667e+01 5.706667e+01 5.706667e+01 5.706667e+01 5.700000e+01 5.680000e+01 5.651111e+01 5.622222e+01 5.604444e+01 5.595556e+01 5.595556e+01 5.597778e+01 5.600000e+01 5.600000e+01 5.600000e+01 5.600000e+01 5.593333e+01 5.575556e+01 5.548889e+01 5.522222e+01 5.506667e+01 5.500000e+01 5.500000e+01 5.500000e+01 5.493333e+01 5.473333e+01 5.446667e+01 5.420000e+01 5.404444e+01
5.555556e+01 5.555556e+01 5.553333e+01 5.553333e+01 5.555556e+01 5.557778e+01 5.557778e+01 5.553333e+01 5.546667e+01 5.537778e+01 5.528889e+01 5.524444e+01 5.524444e+01 5.531111e+01 5.537778e+01 5.551111e+01 5.568889e+01 5.591111e+01 5.613333e+01 5.626667e+01 5.635556e+01 5.642222e+01 5.648889e+01 5.655556e+01 5.657778e+01 5.660000e+01 5.660000e+01 5.653333e+01 5.633333e+01 5.606667e+01 5.580000e+01 5.564444e+01 5.555556e+01 5.553333e+01 5.555556e+01 5.557778e+01 5.560000e+01 5.560000e+01 5.560000e+01 5.553333e+01 5.535556e+01 5.508889e+01 5.482222e+01 5.464444e+01 5.457778e+01 5.457778e+01 5.460000e+01 5.453333e+01 5.433333e+01 5.406667e+01 5.380000e+01 5.366667e+01
