Meeting_03/Feodosiya_sm.grd
DSAA
384 	240
 35.061  35.859
 44.672  45.170
  8.006945e-01   9.021778e+02
[rows 0 to 22 of 240, columns 312 to 363 of 384]
4.164000e+02 4.187778e+02 4.212667e+02 4.240444e+02 4.272000e+02 4.305778e+02 4.337556e+02 4.362000e+02 4.377556e+02 4.385556e+02 4.390222e+02 4.394667e+02 4.399556e+02 4.404667e+02 4.409333e+02 4.414000e+02 4.418444e+02 4.422667e+02 4.426667e+02 4.430667e+02 4.434222e+02 4.437778e+02 4.441778e+02 4.446889e+02 4.453333e+02 4.460444e+02 4.468222e+02 4.476000e+02 4.484000e+02 4.492444e+02 4.501333e+02 4.510444e+02 4.519333e+02 4.528667e+02 4.538667e+02 4.550444e+02 4.563556e+02 4.578000e+02 4.592889e+02 4.607778e+02 4.622222e+02 4.636444e+02 4.651333e+02 4.668000e+02 4.686889e+02 4.707333e+02 4.728222e+02 4.748222e+02 4.767111e+02 4.785333e+02 4.803778e+02 4.823333e+02
6.192667e+02 6.228667e+02 6.266222e+02 6.307778e+02 6.354444e+02 6.404222e+02 6.450889e+02 6.487111e+02 6.510444e+02 6.523111e+02 6.530889e+02 6.538222e+02 6.545778e+02 6.553556e+02 6.560444e+02 6.567333e+02 6.573556e+02 6.579556e+02 6.585111e+02 6.590667e+02 6.595556e+02 6.600667e+02 6.606444e+02 6.613778e+02 6.622889e+02 6.633111e+02 6.644444e+02 6.656000e+02 6.668000e+02 6.680444e+02 6.693556e+02 6.707111e+02 6.720667e+02 6.734667e+02 6.749778e+02 6.767333e+02 6.787333e+02 6.809111e+02 6.831778e+02 6.854222e+02 6.876222e+02 6.897778e+02 6.920222e+02 6.945111e+02 6.973111e+02 7.003556e+02 7.034667e+02 7.064889e+02 7.093778e+02 7.122000e+02 7.150444e+02 7.180222e+02
6.086000e+02 6.122667e+02 6.160444e+02 6.201556e+02 6.246889e+02 6.294889e+02 6.339778e+02 6.375333e+02 6.398889e+02 6.412889e+02 6.422000e+02 6.430444e+02 6.438667e+02 6.446444e+02 6.453333e+02 6.459778e+02 6.465556e+02 6.470667e+02 6.475111e+02 6.479556e+02 6.483778e+02 6.488444e+02 6.493778e+02 6.500444e+02 6.508889e+02 6.518444e+02 6.529111e+02 6.540000e+02 6.551556e+02 6.563556e+02 6.576222e+02 6.589556e+02 6.603111e+02 6.617333e+02 6.632667e+02 6.650444e+02 6.670667e+02 6.692667e+02 6.715556e+02 6.738444e+02 6.760889e+02 6.783111e+02 6.805778e+02 6.830667e+02 6.858222e+02 6.888222e+02 6.918889e+02 6.949333e+02 6.979111e+02 7.008889e+02 7.038889e+02 7.069778e+02
5.979111e+02 6.016000e+02 6.053556e+02 6.094444e+02 6.138889e+02 6.185778e+02 6.229333e+02 6.264444e+02 6.288444e+02 6.303333e+02 6.313333e+02 6.322444e+02 6.331111e+02 6.339333e+02 6.346000e+02 6.352000e+02 6.356889e+02 6.361111e+02 6.364667e+02 6.368000e+02 6.371556e+02 6.375556e+02 6.380444e+02 6.386667e+02 6.394444e+02 6.403556e+02 6.413556e+02 6.424000e+02 6.434667e+02 6.445556e+02 6.457111e+02 6.469778e+02 6.483556e+02 6.498222e+02 6.514444e+02 6.532222e+02 6.552444e+02 6.574000e+02 6.596667e+02 6.619556e+02 6.642444e+02 6.665778e+02 6.689556e+02 6.715111e+02 6.742444e+02 6.771556e+02 6.801333e+02 6.831778e+02 6.862667e+02 6.894222e+02 6.925778e+02 6.957556e+02
5.872222e+02 5.909111e+02 5.946444e+02 5.986667e+02 6.030444e+02 6.076222e+02 6.119111e+02 6.154000e+02 6.178444e+02 6.194000e+02 6.204667e+02 6.214444e+02 6.223778e+02 6.232222e+02 6.238889e+02 6.244222e+02 6.248444e+02 6.251333e+02 6.253556e+02 6.255778e+02 6.258667e+02 6.262222e+02 6.266444e+02 6.272222e+02 6.279556e+02 6.288444e+02 6.297778e+02 6.307333e+02 6.316667e+02 6.326222e+02 6.336444e+02 6.348222e+02 6.362000e+02 6.377556e+02 6.394667e+02 6.412889e+02 6.432667e+02 6.453556e+02 6.475333e+02 6.498000e+02 6.521556e+02 6.546222e+02 6.571556e+02 6.597778e+02 6.625111e+02 6.653333e+02 6.682444e+02 6.712667e+02 6.744444e+02 6.777556e+02 6.810667e+02 6.843111e+02
5.764889e+02 5.801778e+02 5.839111e+02 5.879111e+02 5.922444e+02 5.967556e+02 6.010000e+02 6.044667e+02 6.069333e+02 6.085333e+02 6.096667e+02 6.106889e+02 6.116444e+02 6.125111e+02 6.131778e+02 6.136667e+02 6.139778e+02 6.141333e+02 6.142222e+02 6.143333e+02 6.145333e+02 6.148222e+02 6.151778e+02 6.156889e+02 6.163556e+02 6.171778e+02 6.180444e+02 6.189111e+02 6.197111e+02 6.205111e+02 6.214000e+02 6.225111e+02 6.239111e+02 6.255333e+02 6.273333e+02 6.291778e+02 6.311333e+02 6.331333e+02 6.352444e+02 6.374889e+02 6.399333e+02 6.425333e+02 6.452222e+02 6.479111e+02 6.506444e+02 6.533778e+02 6.562222e+02 6.592222e+02 6.624889e+02 6.659333e+02 6.693778e+02 6.726667e+02
5.657556e+02 5.694889e+02 5.732444e+02 5.772222e+02 5.815111e+02 5.859778e+02 5.901778e+02 5.936222e+02 5.960889e+02 5.977556e+02 5.989556e+02 6.000222e+02 6.009778e+02 6.018222e+02 6.024667e+02 6.029111e+02 6.031333e+02 6.031556e+02 6.030889e+02 6.030889e+02 6.031778e+02 6.033778e+02 6.036222e+02 6.040222e+02 6.045778e+02 6.052889e+02 6.060667e+02 6.068222e+02 6.075333e+02 6.082444e+02 6.090667e+02 6.101333e+02 6.115333e+02 6.132000e+02 6.150222e+02 6.168889e+02 6.188000e+02 6.207778e+02 6.228444e+02 6.251111e+02 6.276222e+02 6.303111e+02 6.331111e+02 6.358444e+02 6.385778e+02 6.412667e+02 6.440889e+02 6.471111e+02 6.504222e+02 6.539333e+02 6.574444e+02 6.607556e+02
5.549778e+02 5.588000e+02 5.626222e+02 5.666444e+02 5.709333e+02 5.753778e+02 5.795111e+02 5.829111e+02 5.853778e+02 5.870889e+02 5.883333e+02 5.894000e+02 5.903333e+02 5.911556e+02 5.917556e+02 5.921556e+02 5.922667e+02 5.921778e+02 5.919778e+02 5.918444e+02 5.918000e+02 5.918444e+02 5.919556e+02 5.922000e+02 5.926000e+02 5.931556e+02 5.938000e+02 5.944667e+02 5.951111e+02 5.958222e+02 5.966444e+02 5.977333e+02 5.991111e+02 6.007556e+02 6.025556e+02 6.044000e+02 6.062889e+02 6.082667e+02 6.103778e+02 6.126889e+02 6.152222e+02 6.179556e+02 6.208000e+02 6.236000e+02 6.263556e+02 6.290667e+02 6.318889e+02 6.349333e+02 6.382667e+02 6.417778e+02 6.452889e+02 6.485778e+02
5.441778e+02 5.481111e+02 5.520222e+02 5.560889e+02 5.604222e+02 5.648667e+02 5.689778e+02 5.723333e+02 5.748000e+02 5.765111e+02 5.777556e+02 5.788000e+02 5.797333e+02 5.805111e+02 5.810667e+02 5.813778e+02 5.814000e+02 5.812000e+02 5.808889e+02 5.806222e+02 5.804000e+02 5.802667e+02 5.802000e+02 5.802667e+02 5.804444e+02 5.808000e+02 5.812667e+02 5.818444e+02 5.824889e+02 5.832667e+02 5.841778e+02 5.852889e+02 5.866444e+02 5.882222e+02 5.899333e+02 5.917333e+02 5.936222e+02 5.956667e+02 5.978444e+02 6.002000e+02 6.027333e+02 6.054667e+02 6.083111e+02 6.111556e+02 6.139556e+02 6.167333e+02 6.196222e+02 6.226889e+02 6.260000e+02 6.294444e+02 6.328889e+02 6.361333e+02
5.332889e+02 5.373778e+02 5.414222e+02 5.456000e+02 5.500000e+02 5.544667e+02 5.585778e+02 5.619333e+02 5.644000e+02 5.660889e+02 5.673111e+02 5.683111e+02 5.692000e+02 5.699111e+02 5.704000e+02 5.706222e+02 5.705333e+02 5.702000e+02 5.697556e+02 5.693333e+02 5.689333e+02 5.686000e+02 5.683333e+02 5.682000e+02 5.681556e+02 5.682889e+02 5.685556e+02 5.690222e+02 5.696667e+02 5.705333e+02 5.715556e+02 5.727111e+02 5.740222e+02 5.755111e+02 5.771556e+02 5.789333e+02 5.808667e+02 5.829778e+02 5.852444e+02 5.876444e+02 5.902000e+02 5.929333e+02 5.957556e+02 5.986222e+02 6.014667e+02 6.043556e+02 6.073111e+02 6.104000e+02 6.136667e+02 6.170222e+02 6.203778e+02 6.235556e+02
5.223333e+02 5.266000e+02 5.307778e+02 5.350889e+02 5.395778e+02 5.441333e+02 5.483111e+02 5.517111e+02 5.542000e+02 5.558667e+02 5.570667e+02 5.580000e+02 5.588000e+02 5.593778e+02 5.597556e+02 5.598444e+02 5.596444e+02 5.591778e+02 5.586000e+02 5.580000e+02 5.574000e+02 5.568667e+02 5.564000e+02 5.560667e+02 5.558000e+02 5.556889e+02 5.557556e+02 5.560889e+02 5.567333e+02 5.576444e+02 5.587556e+02 5.599556e+02 5.612667e+02 5.627111e+02 5.643111e+02 5.660889e+02 5.680667e+02 5.702444e+02 5.725778e+02 5.750444e+02 5.776444e+02 5.803778e+02 5.832000e+02 5.860667e+02 5.889556e+02 5.918889e+02 5.949111e+02 5.980222e+02 6.012444e+02 6.045111e+02 6.077556e+02 6.108889e+02
5.112889e+02 5.157556e+02 5.201333e+02 5.246000e+02 5.292222e+02 5.338889e+02 5.381556e+02 5.416444e+02 5.441778e+02 5.458667e+02 5.470444e+02 5.479111e+02 5.485556e+02 5.489556e+02 5.491111e+02 5.490444e+02 5.486889e+02 5.480889e+02 5.473556e+02 5.465778e+02 5.458000e+02 5.450444e+02 5.443556e+02 5.438000e+02 5.433333e+02 5.430000e+02 5.428667e+02 5.430667e+02 5.436667e+02 5.446000e+02 5.457556e+02 5.470222e+02 5.483556e+02 5.498000e+02 5.514000e+02 5.532222e+02 5.552444e+02 5.574667e+02 5.598444e+02 5.623778e+02 5.650444e+02 5.678222e+02 5.706667e+02 5.735556e+02 5.764667e+02 5.794444e+02 5.824667e+02 5.855778e+02 5.887333e+02 5.919333e+02 5.950889e+02 5.982000e+02
5.001556e+02 5.048667e+02 5.094444e+02 5.140889e+02 5.188889e+02 5.237333e+02 5.281556e+02 5.317556e+02 5.343556e+02 5.360667e+02 5.372222e+02 5.380000e+02 5.384889e+02 5.386444e+02 5.385333e+02 5.382222e+02 5.376889e+02 5.369556e+02 5.360667e+02 5.351111e+02 5.341333e+02 5.331556e+02 5.322222e+02 5.314222e+02 5.307333e+02 5.302000e+02 5.298889e+02 5.299556e+02 5.304889e+02 5.314222e+02 5.326000e+02 5.339111e+02 5.352889e+02 5.368000e+02 5.384444e+02 5.403111e+02 5.423778e+02 5.446444e+02 5.470667e+02 5.496444e+02 5.523778e+02 5.552222e+02 5.581333e+02 5.610667e+02 5.640000e+02 5.669556e+02 5.699556e+02 5.730222e+02 5.761333e+02 5.792667e+02 5.823778e+02 5.854667e+02
4.888667e+02 4.938667e+02 4.987111e+02 5.036000e+02 5.086444e+02 5.137111e+02 5.183333e+02 5.220667e+02 5.247556e+02 5.265111e+02 5.276444e+02 5.283333e+02 5.286222e+02 5.285111e+02 5.280889e+02 5.275111e+02 5.267556e+02 5.258222e+02 5.247333e+02 5.235556e+02 5.223333e+02 5.210889e+02 5.198889e+02 5.188222e+02 5.178889e+02 5.171556e+02 5.166889e+02 5.166444e+02 5.171111e+02 5.180222e+02 5.192222e+02 5.205556e+02 5.220000e+02 5.235778e+02 5.253111e+02 5.272444e+02 5.293778e+02 5.317111e+02 5.342000e+02 5.368444e+02 5.396444e+02 5.425778e+02 5.455556e+02 5.485556e+02 5.515111e+02 5.544889e+02 5.574667e+02 5.604889e+02 5.635333e+02 5.666000e+02 5.696667e+02 5.727333e+02
4.773778e+02 4.827111e+02 4.878667e+02 4.930889e+02 4.984444e+02 5.038222e+02 5.087111e+02 5.126222e+02 5.154222e+02 5.172222e+02 5.183556e+02 5.189556e+02 5.190667e+02 5.186889e+02 5.179556e+02 5.170444e+02 5.159778e+02 5.147556e+02 5.133778e+02 5.118889e+02 5.103333e+02 5.087556e+02 5.072444e+02 5.059111e+02 5.047556e+02 5.038444e+02 5.032444e+02 5.030889e+02 5.034889e+02 5.043556e+02 5.055556e+02 5.068889e+02 5.083778e+02 5.100667e+02 5.119556e+02 5.140222e+02 5.162667e+02 5.186889e+02 5.212667e+02 5.239778e+02 5.268444e+02 5.298444e+02 5.328889e+02 5.359556e+02 5.389778e+02 5.420000e+02 5.450000e+02 5.480000e+02 5.510222e+02 5.540444e+02 5.570667e+02 5.600667e+02
4.656667e+02 4.713778e+02 4.769333e+02 4.825556e+02 4.882889e+02 4.940444e+02 4.992444e+02 5.034000e+02 5.063556e+02 5.082444e+02 5.093778e+02 5.098889e+02 5.098000e+02 5.091778e+02 5.081333e+02 5.068667e+02 5.054000e+02 5.037333e+02 5.019556e+02 5.000667e+02 4.981111e+02 4.961333e+02 4.942667e+02 4.926444e+02 4.912667e+02 4.902000e+02 4.894889e+02 4.892444e+02 4.895556e+02 4.903556e+02 4.915111e+02 4.928667e+02 4.944444e+02 4.962667e+02 4.983111e+02 5.005333e+02 5.029333e+02 5.055111e+02 5.082444e+02 5.110889e+02 5.140222e+02 5.170444e+02 5.201111e+02 5.232222e+02 5.263556e+02 5.294889e+02 5.326000e+02 5.356444e+02 5.386667e+02 5.416444e+02 5.445556e+02 5.474444e+02
4.538000e+02 4.599333e+02 4.659333e+02 4.720000e+02 4.781778e+02 4.843778e+02 4.899778e+02 4.944444e+02 4.975778e+02 4.995778e+02 5.007111e+02 5.011333e+02 5.008667e+02 5.000000e+02 4.986444e+02 4.969556e+02 4.950000e+02 4.928000e+02 4.904889e+02 4.881111e+02 4.856889e+02 4.832667e+02 4.809778e+02 4.790444e+02 4.774667e+02 4.762889e+02 4.754667e+02 4.751333e+02 4.753333e+02 4.760444e+02 4.771333e+02 4.785111e+02 4.801778e+02 4.821778e+02 4.844222e+02 4.868667e+02 4.894667e+02 4.922444e+02 4.951333e+02 4.981111e+02 5.011111e+02 5.041778e+02 5.072667e+02 5.104444e+02 5.137111e+02 5.170000e+02 5.202444e+02 5.233556e+02 5.263778e+02 5.293111e+02 5.321333e+02 5.349111e+02
4.419111e+02 4.484889e+02 4.549778e+02 4.615111e+02 4.682000e+02 4.748889e+02 4.809556e+02 4.857778e+02 4.891556e+02 4.912889e+02 4.924444e+02 4.927778e+02 4.923111e+02 4.911556e+02 4.894444e+02 4.873111e+02 4.848222e+02 4.820000e+02 4.790444e+02 4.760667e+02 4.731111e+02 4.702000e+02 4.674889e+02 4.652000e+02 4.633778e+02 4.620444e+02 4.611333e+02 4.607333e+02 4.608444e+02 4.614667e+02 4.624889e+02 4.639111e+02 4.657111e+02 4.679111e+02 4.703556e+02 4.730000e+02 4.758222e+02 4.788222e+02 4.819333e+02 4.850667e+02 4.881778e+02 4.912889e+02 4.944444e+02 4.976889e+02 5.010889e+02 5.045111e+02 5.079111e+02 5.111111e+02 5.141556e+02 5.170222e+02 5.197556e+02 5.224000e+02
4.301333e+02 4.371556e+02 4.441333e+02 4.511778e+02 4.584444e+02 4.656889e+02 4.722889e+02 4.775111e+02 4.811556e+02 4.834000e+02 4.845556e+02 4.848000e+02 4.841556e+02 4.827111e+02 4.806000e+02 4.779778e+02 4.748889e+02 4.714000e+02 4.677333e+02 4.640889e+02 4.605333e+02 4.570667e+02 4.538889e+02 4.512222e+02 4.491333e+02 4.476000e+02 4.465556e+02 4.460667e+02 4.460889e+02 4.466222e+02 4.476222e+02 4.490889e+02 4.510444e+02 4.534444e+02 4.561333e+02 4.590222e+02 4.620667e+02 4.652889e+02 4.686000e+02 4.719111e+02 4.751778e+02 4.784222e+02 4.817111e+02 4.850889e+02 4.886000e+02 4.921333e+02 4.956000e+02 4.988444e+02 5.018667e+02 5.046889e+02 5.073778e+02 5.099556e+02
4.184667e+02 4.259556e+02 4.334222e+02 4.410222e+02 4.489111e+02 4.568000e+02 4.639778e+02 4.696444e+02 4.735778e+02 4.759333e+02 4.771111e+02 4.772667e+02 4.764222e+02 4.746444e+02 4.720889e+02 4.689556e+02 4.652222e+02 4.610000e+02 4.565778e+02 4.522222e+02 4.480222e+02 4.439778e+02 4.403111e+02 4.372222e+02 4.347778e+02 4.329556e+02 4.317333e+02 4.311111e+02 4.310444e+02 4.315333e+02 4.325556e+02 4.341111e+02 4.362222e+02 4.388222e+02 4.417556e+02 4.448667e+02 4.481556e+02 4.516000e+02 4.551556e+02 4.586889e+02 4.621778e+02 4.656222e+02 4.690889e+02 4.726000e+02 4.761778e+02 4.797556e+02 4.832444e+02 4.865111e+02 4.895333e+02 4.923333e+02 4.950000e+02 4.975333e+02
4.069333e+02 4.149111e+02 4.228667e+02 4.310444e+02 4.395778e+02 4.482000e+02 4.560222e+02 4.622000e+02 4.664222e+02 4.689111e+02 4.700889e+02 4.701333e+02 4.690889e+02 4.669778e+02 4.640000e+02 4.602889e+02 4.558444e+02 4.508000e+02 4.455333e+02 4.404000e+02 4.354889e+02 4.308444e+02 4.266222e+02 4.230667e+02 4.202222e+02 4.180889e+02 4.166444e+02 4.158444e+02 4.156889e+02 4.161556e+02 4.172444e+02 4.189111e+02 4.212000e+02 4.240222e+02 4.272222e+02 4.306000e+02 4.341333e+02 4.378222e+02 4.416222e+02 4.454222e+02 4.491778e+02 4.528889e+02 4.565778e+02 4.602667e+02 4.639111e+02 4.675111e+02 4.709556e+02 4.742000e+02 4.772000e+02 4.800000e+02 4.826667e+02 4.852000e+02
3.954444e+02 4.039111e+02 4.123778e+02 4.211333e+02 4.303556e+02 4.397333e+02 4.482889e+02 4.550444e+02 4.596667e+02 4.623778e+02 4.636444e+02 4.636000e+02 4.623111e+02 4.597778e+02 4.562667e+02 4.518667e+02 4.466222e+02 4.406444e+02 4.344222e+02 4.284000e+02 4.227111e+02 4.173778e+02 4.125333e+02 4.084444e+02 4.052000e+02 4.027778e+02 4.011333e+02 4.002000e+02 4.000222e+02 4.005556e+02 4.017778e+02 4.036222e+02 4.061111e+02 4.091778e+02 4.126444e+02 4.162889e+02 4.201111e+02 4.240444e+02 4.281111e+02 4.321778e+02 4.362222e+02 4.402444e+02 4.441778e+02 4.480444e+02 4.517556e+02 4.553556e+02 4.587778e+02 4.620000e+02 4.650000e+02 4.678000e+02 4.704667e+02 4.730000e+02
3.840222e+02 3.929556e+02 4.019556e+02 4.113333e+02 4.213333e+02 4.316000e+02 4.410000e+02 4.484444e+02 4.535556e+02 4.565778e+02 4.579556e+02 4.578000e+02 4.562000e+02 4.531556e+02 4.489778e+02 4.437556e+02 4.375556e+02 4.304889e+02 4.231333e+02 4.160667e+02 4.094444e+02 4.032889e+02 3.977333e+02 3.930889e+02 3.894667e+02 3.868000e+02 3.850444e+02 3.840889e+02 3.840000e+02 3.846889e+02 3.861333e+02 3.882222e+02 3.909778e+02 3.943333e+02 3.980889e+02 4.020444e+02 4.061556e+02 4.103778e+02 4.147111e+02 4.190444e+02 4.234000e+02 4.277111e+02 4.319111e+02 4.359556e+02 4.397778e+02 4.434222e+02 4.468444e+02 4.500667e+02 4.530667e+02 4.558889e+02 4.585556e+02 4.610889e+02
